0.0000000000, 0.0000000000, 0.0000000000
0.0000000000, 0.0012565378, 0.0000157910
0.0000000000, 0.0025124804, 0.0000631588
0.0000000000, 0.0037672326, 0.0001420886
0.0000000000, 0.0050201995, 0.0002525555
0.0000000000, 0.0062707869, 0.0003945245
0.0000000000, 0.0075184010, 0.0005679507
0.0000000000, 0.0087624489, 0.0007727795
0.0000000000, 0.0100023386, 0.0010089460
0.0000000000, 0.0112374792, 0.0012763756
0.0000000000, 0.0124672810, 0.0015749839
0.0000000000, 0.0136911559, 0.0019046762
0.0000000000, 0.0149085171, 0.0022653485
0.0000000000, 0.0161187796, 0.0026568866
0.0000000000, 0.0173213604, 0.0030791665
0.0000000000, 0.0185156784, 0.0035320546
0.0000000000, 0.0197011548, 0.0040154074
0.0000000000, 0.0208772128, 0.0045290718
0.0000000000, 0.0220432785, 0.0050728851
0.0000000000, 0.0231987804, 0.0056466747
0.0000000000, 0.0243431499, 0.0062502586
0.0000000000, 0.0254758212, 0.0068834452
0.0000000000, 0.0265962317, 0.0075460334
0.0000000000, 0.0277038221, 0.0082378127
0.0000000000, 0.0287980362, 0.0089585630
0.0000000000, 0.0298783216, 0.0097080552
0.0000000000, 0.0309441296, 0.0104860505
0.0000000000, 0.0319949151, 0.0112923011
0.0000000000, 0.0330301371, 0.0121265499
0.0000000000, 0.0340492589, 0.0129885309
0.0000000000, 0.0350517477, 0.0138779687
0.0000000000, 0.0360370754, 0.0147945791
0.0000000000, 0.0370047182, 0.0157380689
0.0000000000, 0.0379541572, 0.0167081362
0.0000000000, 0.0388848783, 0.0177044702
0.0000000000, 0.0397963723, 0.0187267513
0.0000000000, 0.0406881350, 0.0197746514
0.0000000000, 0.0415596676, 0.0208478337
0.0000000000, 0.0424104767, 0.0219459532
0.0000000000, 0.0432400743, 0.0230686562
0.0000000000, 0.0440479780, 0.0242155808
0.0000000000, 0.0448337114, 0.0253863569
0.0000000000, 0.0455968037, 0.0265806063
0.0000000000, 0.0463367904, 0.0277979427
0.0000000000, 0.0470532130, 0.0290379717
0.0000000000, 0.0477456193, 0.0303002913
0.0000000000, 0.0484135636, 0.0315844917
0.0000000000, 0.0490566067, 0.0328901552
0.0000000000, 0.0496743160, 0.0342168568
0.0000000000, 0.0502662657, 0.0355641639
0.0000000000, 0.0508320369, 0.0369316365
0.0000000000, 0.0513712178, 0.0383188275
0.0000000000, 0.0518834036, 0.0397252825
0.0000000000, 0.0523681968, 0.0411505402
0.0000000000, 0.0528252072, 0.0425941322
0.0000000000, 0.0532540523, 0.0440555834
0.0000000000, 0.0536543569, 0.0455344120
0.0000000000, 0.0540257536, 0.0470301296
0.0000000000, 0.0543678827, 0.0485422413
0.0000000000, 0.0546803927, 0.0500702458
0.0000000000, 0.0549629396, 0.0516136357
0.0000000000, 0.0552151880, 0.0531718975
0.0000000000, 0.0554368103, 0.0547445115
0.0000000000, 0.0556274876, 0.0563309523
0.0000000000, 0.0557869089, 0.0579306889
0.0000000000, 0.0559147721, 0.0595431845
0.0000000000, 0.0560107835, 0.0611678968
0.0000000000, 0.0560746581, 0.0628042782
0.0000000000, 0.0561061196, 0.0644517761
0.0000000000, 0.0561049006, 0.0661098325
0.0000000000, 0.0560707427, 0.0677778847
0.0000000000, 0.0560033962, 0.0694553650
0.0000000000, 0.0559026208, 0.0711417012
0.0000000000, 0.0557681852, 0.0728363164
0.0000000000, 0.0555998675, 0.0745386296
0.0000000000, 0.0553974549, 0.0762480552
0.0000000000, 0.0551607441, 0.0779640038
0.0000000000, 0.0548895413, 0.0796858818
0.0000000000, 0.0545836620, 0.0814130919
0.0000000000, 0.0542429315, 0.0831450331
0.0000000000, 0.0538671848, 0.0848811009
0.0000000000, 0.0534562662, 0.0866206874
0.0000000000, 0.0530100303, 0.0883631816
0.0000000000, 0.0525283412, 0.0901079691
0.0000000000, 0.0520110729, 0.0918544330
0.0000000000, 0.0514581094, 0.0936019532
0.0000000000, 0.0508693446, 0.0953499073
0.0000000000, 0.0502446825, 0.0970976702
0.0000000000, 0.0495840372, 0.0988446148
0.0000000000, 0.0488873327, 0.1005901114
0.0000000000, 0.0481545035, 0.1023335286
0.0000000000, 0.0473854939, 0.1040742330
0.0000000000, 0.0465802588, 0.1058115898
0.0000000000, 0.0457387630, 0.1075449622
0.0000000000, 0.0448609818, 0.1092737123
0.0000000000, 0.0439469009, 0.1109972010
0.0000000000, 0.0429965162, 0.1127147880
0.0000000000, 0.0420098339, 0.1144258322
0.0000000000, 0.0409868708, 0.1161296917
0.0000000000, 0.0399276540, 0.1178257241
0.0000000000, 0.0388322209, 0.1195132864
0.0000000000, 0.0377006196, 0.1211917355
0.0000000000, 0.0365329085, 0.1228604282
0.0000000000, 0.0353291565, 0.1245187213
0.0000000000, 0.0340894430, 0.1261659718
0.0000000000, 0.0328138577, 0.1278015370
0.0000000000, 0.0315025011, 0.1294247750
0.0000000000, 0.0301554838, 0.1310350445
0.0000000000, 0.0287729273, 0.1326317049
0.0000000000, 0.0273549632, 0.1342141167
0.0000000000, 0.0259017337, 0.1357816419
0.0000000000, 0.0244133915, 0.1373336434
0.0000000000, 0.0228900998, 0.1388694859
0.0000000000, 0.0213320320, 0.1403885356
0.0000000000, 0.0197393722, 0.1418901608
0.0000000000, 0.0181123146, 0.1433737316
0.0000000000, 0.0164510641, 0.1448386203
0.0000000000, 0.0147558355, 0.1462842015
0.0000000000, 0.0130268544, 0.1477098524
0.0000000000, 0.0112643565, 0.1491149526
0.0000000000, 0.0094685875, 0.1504988848
0.0000000000, 0.0076398038, 0.1518610346
0.0000000000, 0.0057782717, 0.1532007906
0.0000000000, 0.0038842676, 0.1545175447
0.0000000000, 0.0019580783, 0.1558106923
0.0000000000, 0.0000000003, 0.1570796325
0.0000000000, -0.0019896596, 0.1583237680
0.0000000000, -0.0040105847, 0.1595425055
0.0000000000, -0.0060624484, 0.1607352557
0.0000000000, -0.0081449142, 0.1619014336
0.0000000000, -0.0102576359, 0.1630404586
0.0000000000, -0.0124002574, 0.1641517546
0.0000000000, -0.0145724128, 0.1652347501
0.0000000000, -0.0167737270, 0.1662888787
0.0000000000, -0.0190038148, 0.1673135787
0.0000000000, -0.0212622818, 0.1683082937
0.0000000000, -0.0235487241, 0.1692724727
0.0000000000, -0.0258627285, 0.1702055698
0.0000000000, -0.0282038724, 0.1711070452
0.0000000000, -0.0305717239, 0.1719763643
0.0000000000, -0.0329658422, 0.1728129989
0.0000000000, -0.0353857774, 0.1736164264
0.0000000000, -0.0378310704, 0.1743861306
0.0000000000, -0.0403012534, 0.1751216016
0.0000000000, -0.0427958499, 0.1758223361
0.0000000000, -0.0453143743, 0.1764878370
0.0000000000, -0.0478563328, 0.1771176144
0.0000000000, -0.0504212227, 0.1777111850
0.0000000000, -0.0530085333, 0.1782680725
0.0000000000, -0.0556177451, 0.1787878081
0.0000000000, -0.0582483307, 0.1792699298
0.0000000000, -0.0608997544, 0.1797139834
0.0000000000, -0.0635714724, 0.1801195220
0.0000000000, -0.0662629333, 0.1804861067
0.0000000000, -0.0689735774, 0.1808133060
0.0000000000, -0.0717028377, 0.1811006966
0.0000000000, -0.0744501394, 0.1813478632
0.0000000000, -0.0772149003, 0.1815543988
0.0000000000, -0.0799965307, 0.1817199044
0.0000000000, -0.0827944338, 0.1818439899
0.0000000000, -0.0856080055, 0.1819262733
0.0000000000, -0.0884366350, 0.1819663815
0.0000000000, -0.0912797041, 0.1819639502
0.0000000000, -0.0941365884, 0.1819186239
0.0000000000, -0.0970066565, 0.1818300561
0.0000000000, -0.0998892705, 0.1816979095
0.0000000000, -0.1027837863, 0.1815218560
0.0000000000, -0.1056895533, 0.1813015768
0.0000000000, -0.1086059152, 0.1810367626
0.0000000000, -0.1115322092, 0.1807271137
0.0000000000, -0.1144677670, 0.1803723398
0.0000000000, -0.1174119145, 0.1799721606
0.0000000000, -0.1203639720, 0.1795263056
0.0000000000, -0.1233232545, 0.1790345140
0.0000000000, -0.1262890715, 0.1784965355
0.0000000000, -0.1292607275, 0.1779121294
0.0000000000, -0.1322375221, 0.1772810655
0.0000000000, -0.1352187499, 0.1766031239
0.0000000000, -0.1382037008, 0.1758780950
0.0000000000, -0.1411916602, 0.1751057798
0.0000000000, -0.1441819091, 0.1742859897
0.0000000000, -0.1471737243, 0.1734185467
0.0000000000, -0.1501663784, 0.1725032836
0.0000000000, -0.1531591402, 0.1715400441
0.0000000000, -0.1561512747, 0.1705286825
0.0000000000, -0.1591420431, 0.1694690641
0.0000000000, -0.1621307034, 0.1683610653
0.0000000000, -0.1651165101, 0.1672045734
0.0000000000, -0.1680987146, 0.1659994870
0.0000000000, -0.1710765654, 0.1647457157
0.0000000000, -0.1740493082, 0.1634431804
0.0000000000, -0.1770161858, 0.1620918133
0.0000000000, -0.1799764388, 0.1606915579
0.0000000000, -0.1829293054, 0.1592423693
0.0000000000, -0.1858740216, 0.1577442138
0.0000000000, -0.1888098213, 0.1561970692
0.0000000000, -0.1917359368, 0.1546009250
0.0000000000, -0.1946515988, 0.1529557822
0.0000000000, -0.1975560361, 0.1512616535
0.0000000000, -0.2004484766, 0.1495185630
0.0000000000, -0.2033281470, 0.1477265469
0.0000000000, -0.2061942729, 0.1458856527
0.0000000000, -0.2090460792, 0.1439959399
0.0000000000, -0.2118827901, 0.1420574797
0.0000000000, -0.2147036295, 0.1400703553
0.0000000000, -0.2175078208, 0.1380346613
0.0000000000, -0.2202945876, 0.1359505047
0.0000000000, -0.2230631533, 0.1338180038
0.0000000000, -0.2258127417, 0.1316372892
0.0000000000, -0.2285425770, 0.1294085032
0.0000000000, -0.2312518841, 0.1271318000
0.0000000000, -0.2339398886, 0.1248073459
0.0000000000, -0.2366058169, 0.1224353187
0.0000000000, -0.2392488969, 0.1200159086
0.0000000000, -0.2418683574, 0.1175493173
0.0000000000, -0.2444634292, 0.1150357587
0.0000000000, -0.2470333442, 0.1124754585
0.0000000000, -0.2495773365, 0.1098686542
0.0000000000, -0.2520946423, 0.1072155954
0.0000000000, -0.2545844997, 0.1045165432
0.0000000000, -0.2570461494, 0.1017717710
0.0000000000, -0.2594788346, 0.0989815638
0.0000000000, -0.2618818013, 0.0961462183
0.0000000000, -0.2642542983, 0.0932660432
0.0000000000, -0.2665955775, 0.0903413589
0.0000000000, -0.2689048942, 0.0873724975
0.0000000000, -0.2711815071, 0.0843598028
0.0000000000, -0.2734246784, 0.0813036302
0.0000000000, -0.2756336742, 0.0782043470
0.0000000000, -0.2778077646, 0.0750623316
0.0000000000, -0.2799462238, 0.0718779745
0.0000000000, -0.2820483304, 0.0686516773
0.0000000000, -0.2841133673, 0.0653838533
0.0000000000, -0.2861406224, 0.0620749269
0.0000000000, -0.2881293881, 0.0587253343
0.0000000000, -0.2900789621, 0.0553355225
0.0000000000, -0.2919886471, 0.0519059501
0.0000000000, -0.2938577512, 0.0484370867
0.0000000000, -0.2956855883, 0.0449294132
0.0000000000, -0.2974714775, 0.0413834212
0.0000000000, -0.2992147442, 0.0377996137
0.0000000000, -0.3009147197, 0.0341785043
0.0000000000, -0.3025707415, 0.0305206176
0.0000000000, -0.3041821535, 0.0268264889
0.0000000000, -0.3057483061, 0.0230966642
0.0000000000, -0.3072685565, 0.0193317001
0.0000000000, -0.3087422687, 0.0155321637
0.0000000000, -0.3101688137, 0.0116986325
0.0000000000, -0.3115475697, 0.0078316946
0.0000000000, -0.3128779224, 0.0039319480
0.0000000000, -0.3141592650, 0.0000000011
0.0000000000, -0.3153909982, -0.0039635277
0.0000000000, -0.3165725306, -0.0079580100
0.0000000000, -0.3177032788, -0.0119828076
0.0000000000, -0.3187826678, -0.0160372724
0.0000000000, -0.3198101304, -0.0201207468
0.0000000000, -0.3207851083, -0.0242325634
0.0000000000, -0.3217070515, -0.0283720456
0.0000000000, -0.3225754189, -0.0325385074
0.0000000000, -0.3233896783, -0.0367312534
0.0000000000, -0.3241493065, -0.0409495792
0.0000000000, -0.3248537896, -0.0451927715
0.0000000000, -0.3255026227, -0.0494601079
0.0000000000, -0.3260953108, -0.0537508576
0.0000000000, -0.3266313683, -0.0580642808
0.0000000000, -0.3271103194, -0.0623996294
0.0000000000, -0.3275316981, -0.0667561468
0.0000000000, -0.3278950485, -0.0711330684
0.0000000000, -0.3281999249, -0.0755296213
0.0000000000, -0.3284458918, -0.0799450245
0.0000000000, -0.3286325242, -0.0843784895
0.0000000000, -0.3287594077, -0.0888292198
0.0000000000, -0.3288261383, -0.0932964115
0.0000000000, -0.3288323232, -0.0977792534
0.0000000000, -0.3287775801, -0.1022769267
0.0000000000, -0.3286615382, -0.1067886057
0.0000000000, -0.3284838374, -0.1113134578
0.0000000000, -0.3282441292, -0.1158506433
0.0000000000, -0.3279420764, -0.1203993161
0.0000000000, -0.3275773532, -0.1249586234
0.0000000000, -0.3271496456, -0.1295277063
0.0000000000, -0.3266586513, -0.1341056993
0.0000000000, -0.3261040795, -0.1386917311
0.0000000000, -0.3254856519, -0.1432849246
0.0000000000, -0.3248031017, -0.1478843968
0.0000000000, -0.3240561746, -0.1524892593
0.0000000000, -0.3232446284, -0.1570986180
0.0000000000, -0.3223682331, -0.1617115740
0.0000000000, -0.3214267714, -0.1663272231
0.0000000000, -0.3204200382, -0.1709446562
0.0000000000, -0.3193478413, -0.1755629597
0.0000000000, -0.3182100009, -0.1801812151
0.0000000000, -0.3170063502, -0.1847984999
0.0000000000, -0.3157367352, -0.1894138872
0.0000000000, -0.3144010147, -0.1940264461
0.0000000000, -0.3129990606, -0.1986352421
0.0000000000, -0.3115307579, -0.2032393368
0.0000000000, -0.3099960048, -0.2078377883
0.0000000000, -0.3083947124, -0.2124296516
0.0000000000, -0.3067268056, -0.2170139786
0.0000000000, -0.3049922221, -0.2215898181
0.0000000000, -0.3031909135, -0.2261562163
0.0000000000, -0.3013228446, -0.2307122168
0.0000000000, -0.2993879937, -0.2352568609
0.0000000000, -0.2973863527, -0.2397891877
0.0000000000, -0.2953179274, -0.2443082343
0.0000000000, -0.2931827368, -0.2488130361
0.0000000000, -0.2909808141, -0.2533026268
0.0000000000, -0.2887122058, -0.2577760388
0.0000000000, -0.2863769727, -0.2622323032
0.0000000000, -0.2839751890, -0.2666704501
0.0000000000, -0.2815069430, -0.2710895090
0.0000000000, -0.2789723369, -0.2754885083
0.0000000000, -0.2763714868, -0.2798664765
0.0000000000, -0.2737045229, -0.2842224416
0.0000000000, -0.2709715890, -0.2885554315
0.0000000000, -0.2681728434, -0.2928644745
0.0000000000, -0.2653084582, -0.2971485991
0.0000000000, -0.2623786194, -0.3014068344
0.0000000000, -0.2593835273, -0.3056382102
0.0000000000, -0.2563233961, -0.3098417576
0.0000000000, -0.2531984543, -0.3140165084
0.0000000000, -0.2500089441, -0.3181614960
0.0000000000, -0.2467551222, -0.3222757554
0.0000000000, -0.2434372590, -0.3263583233
0.0000000000, -0.2400556392, -0.3304082385
0.0000000000, -0.2366105616, -0.3344245417
0.0000000000, -0.2331023389, -0.3384062763
0.0000000000, -0.2295312979, -0.3423524880
0.0000000000, -0.2258977795, -0.3462622255
0.0000000000, -0.2222021384, -0.3501345404
0.0000000000, -0.2184447436, -0.3539684874
0.0000000000, -0.2146259778, -0.3577631246
0.0000000000, -0.2107462377, -0.3615175139
0.0000000000, -0.2068059340, -0.3652307208
0.0000000000, -0.2028054912, -0.3689018148
0.0000000000, -0.1987453476, -0.3725298696
0.0000000000, -0.1946259554, -0.3761139633
0.0000000000, -0.1904477805, -0.3796531787
0.0000000000, -0.1862113024, -0.3831466033
0.0000000000, -0.1819170145, -0.3865933295
0.0000000000, -0.1775654236, -0.3899924551
0.0000000000, -0.1731570503, -0.3933430831
0.0000000000, -0.1686924283, -0.3966443222
0.0000000000, -0.1641721052, -0.3998952869
0.0000000000, -0.1595966417, -0.4030950977
0.0000000000, -0.1549666119, -0.4062428811
0.0000000000, -0.1502826032, -0.4093377702
0.0000000000, -0.1455452162, -0.4123789047
0.0000000000, -0.1407550644, -0.4153654308
0.0000000000, -0.1359127747, -0.4182965019
0.0000000000, -0.1310189865, -0.4211712785
0.0000000000, -0.1260743525, -0.4239889284
0.0000000000, -0.1210795379, -0.4267486270
0.0000000000, -0.1160352209, -0.4294495573
0.0000000000, -0.1109420919, -0.4320909105
0.0000000000, -0.1058008542, -0.4346718856
0.0000000000, -0.1006122233, -0.4371916901
0.0000000000, -0.0953769271, -0.4396495398
0.0000000000, -0.0900957059, -0.4420446594
0.0000000000, -0.0847693118, -0.4443762822
0.0000000000, -0.0793985092, -0.4466436507
0.0000000000, -0.0739840742, -0.4488460165
0.0000000000, -0.0685267948, -0.4509826408
0.0000000000, -0.0630274708, -0.4530527941
0.0000000000, -0.0574869133, -0.4550557567
0.0000000000, -0.0519059451, -0.4569908191
0.0000000000, -0.0462854003, -0.4588572815
0.0000000000, -0.0406261240, -0.4606544547
0.0000000000, -0.0349289725, -0.4623816596
0.0000000000, -0.0291948132, -0.4640382282
0.0000000000, -0.0234245241, -0.4656235027
0.0000000000, -0.0176189940, -0.4671368367
0.0000000000, -0.0117791222, -0.4685775947
0.0000000000, -0.0059058184, -0.4699451526
0.0000000000, -0.0000000025, -0.4712388975
0.0000000000, 0.0059373952, -0.4724582283
0.0000000000, 0.0119054347, -0.4736025557
0.0000000000, 0.0179031662, -0.4746713020
0.0000000000, 0.0239296300, -0.4756639019
0.0000000000, 0.0299838571, -0.4765798022
0.0000000000, 0.0360648689, -0.4774184620
0.0000000000, 0.0421716779, -0.4781793528
0.0000000000, 0.0483032872, -0.4788619591
0.0000000000, 0.0544586914, -0.4794657780
0.0000000000, 0.0606368760, -0.4799903194
0.0000000000, 0.0668368182, -0.4804351065
0.0000000000, 0.0730574868, -0.4807996757
0.0000000000, 0.0792978423, -0.4810835766
0.0000000000, 0.0855568371, -0.4812863724
0.0000000000, 0.0918334160, -0.4814076400
0.0000000000, 0.0981265157, -0.4814469699
0.0000000000, 0.1044350659, -0.4814039665
0.0000000000, 0.1107579885, -0.4812782483
0.0000000000, 0.1170941986, -0.4810694477
0.0000000000, 0.1234426041, -0.4807772116
0.0000000000, 0.1298021063, -0.4804012011
0.0000000000, 0.1361715998, -0.4799410918
0.0000000000, 0.1425499729, -0.4793965740
0.0000000000, 0.1489361077, -0.4787673524
0.0000000000, 0.1553288802, -0.4780531467
0.0000000000, 0.1617271606, -0.4772536916
0.0000000000, 0.1681298136, -0.4763687365
0.0000000000, 0.1745356983, -0.4753980463
0.0000000000, 0.1809436689, -0.4743414007
0.0000000000, 0.1873525743, -0.4731985949
0.0000000000, 0.1937612586, -0.4719694395
0.0000000000, 0.2001685615, -0.4706537605
0.0000000000, 0.2065733181, -0.4692513996
0.0000000000, 0.2129743594, -0.4677622138
0.0000000000, 0.2193705125, -0.4661860762
0.0000000000, 0.2257606006, -0.4645228754
0.0000000000, 0.2321434434, -0.4627725162
0.0000000000, 0.2385178573, -0.4609349191
0.0000000000, 0.2448826555, -0.4590100205
0.0000000000, 0.2512366484, -0.4569977733
0.0000000000, 0.2575786434, -0.4548981461
0.0000000000, 0.2639074459, -0.4527111239
0.0000000000, 0.2702218587, -0.4504367080
0.0000000000, 0.2765206827, -0.4480749160
0.0000000000, 0.2828027168, -0.4456257817
0.0000000000, 0.2890667586, -0.4430893556
0.0000000000, 0.2953116042, -0.4404657043
0.0000000000, 0.3015360484, -0.4377549111
0.0000000000, 0.3077388853, -0.4349570760
0.0000000000, 0.3139189082, -0.4320723153
0.0000000000, 0.3200749100, -0.4291007619
0.0000000000, 0.3262056832, -0.4260425656
0.0000000000, 0.3323100205, -0.4228978927
0.0000000000, 0.3383867147, -0.4196669260
0.0000000000, 0.3444345591, -0.4163498654
0.0000000000, 0.3504523475, -0.4129469273
0.0000000000, 0.3564388748, -0.4094583448
0.0000000000, 0.3623929369, -0.4058843679
0.0000000000, 0.3683133313, -0.4022252632
0.0000000000, 0.3741988568, -0.3984813142
0.0000000000, 0.3800483141, -0.3946528211
0.0000000000, 0.3858605062, -0.3907401008
0.0000000000, 0.3916342380, -0.3867434871
0.0000000000, 0.3973683173, -0.3826633304
0.0000000000, 0.4030615544, -0.3784999981
0.0000000000, 0.4087127628, -0.3742538740
0.0000000000, 0.4143207589, -0.3699253588
0.0000000000, 0.4198843629, -0.3655148699
0.0000000000, 0.4254023986, -0.3610228412
0.0000000000, 0.4308736935, -0.3564497235
0.0000000000, 0.4362970795, -0.3517959840
0.0000000000, 0.4416713929, -0.3470621064
0.0000000000, 0.4469954744, -0.3422485913
0.0000000000, 0.4522681697, -0.3373559554
0.0000000000, 0.4574883296, -0.3323847321
0.0000000000, 0.4626548102, -0.3273354710
0.0000000000, 0.4677664731, -0.3222087384
0.0000000000, 0.4728221857, -0.3170051166
0.0000000000, 0.4778208213, -0.3117252041
0.0000000000, 0.4827612597, -0.3063696159
0.0000000000, 0.4876423869, -0.3009389830
0.0000000000, 0.4924630957, -0.2954339522
0.0000000000, 0.4972222859, -0.2898551867
0.0000000000, 0.5019188643, -0.2842033653
0.0000000000, 0.5065517452, -0.2784791829
0.0000000000, 0.5111198504, -0.2726833499
0.0000000000, 0.5156221095, -0.2668165926
0.0000000000, 0.5200574603, -0.2608796529
0.0000000000, 0.5244248489, -0.2548732880
0.0000000000, 0.5287232296, -0.2487982708
0.0000000000, 0.5329515657, -0.2426553893
0.0000000000, 0.5371088294, -0.2364454468
0.0000000000, 0.5411940019, -0.2301692617
0.0000000000, 0.5452060739, -0.2238276676
0.0000000000, 0.5491440457, -0.2174215128
0.0000000000, 0.5530069273, -0.2109516606
0.0000000000, 0.5567937390, -0.2044189887
0.0000000000, 0.5605035109, -0.1978243897
0.0000000000, 0.5641352839, -0.1911687705
0.0000000000, 0.5676881094, -0.1844530523
0.0000000000, 0.5711610497, -0.1776781708
0.0000000000, 0.5745531782, -0.1708450753
0.0000000000, 0.5778635796, -0.1639547295
0.0000000000, 0.5810913499, -0.1570081106
0.0000000000, 0.5842355970, -0.1500062098
0.0000000000, 0.5872954407, -0.1429500315
0.0000000000, 0.5902700127, -0.1358405938
0.0000000000, 0.5931584571, -0.1286789279
0.0000000000, 0.5959599305, -0.1214660781
0.0000000000, 0.5986736022, -0.1142031017
0.0000000000, 0.6012986542, -0.1068910689
0.0000000000, 0.6038342817, -0.0995310622
0.0000000000, 0.6062796932, -0.0921241771
0.0000000000, 0.6086341105, -0.0846715209
0.0000000000, 0.6108967692, -0.0771742135
0.0000000000, 0.6130669184, -0.0696333865
0.0000000000, 0.6151438214, -0.0620501835
0.0000000000, 0.6171267557, -0.0544257596
0.0000000000, 0.6190150131, -0.0467612814
0.0000000000, 0.6208078998, -0.0390579269
0.0000000000, 0.6225047367, -0.0313168851
0.0000000000, 0.6241048598, -0.0235393560
0.0000000000, 0.6256076198, -0.0157265503
0.0000000000, 0.6270123827, -0.0078796892
0.0000000000, 0.6283185300, -0.0000000045
0.0000000000, 0.6295254585, 0.0079112621
0.0000000000, 0.6306325808, 0.0158528589
0.0000000000, 0.6316393252, 0.0238235242
0.0000000000, 0.6325451362, 0.0318219871
0.0000000000, 0.6333494741, 0.0398469668
0.0000000000, 0.6340518157, 0.0478971738
0.0000000000, 0.6346516543, 0.0559713095
0.0000000000, 0.6351484994, 0.0640680665
0.0000000000, 0.6355418777, 0.0721861288
0.0000000000, 0.6358313323, 0.0803241723
0.0000000000, 0.6360164235, 0.0884808645
0.0000000000, 0.6360967287, 0.0966548652
0.0000000000, 0.6360718424, 0.1048448264
0.0000000000, 0.6359413766, 0.1130493929
0.0000000000, 0.6357049608, 0.1212672020
0.0000000000, 0.6353622418, 0.1294968841
0.0000000000, 0.6349128846, 0.1377370628
0.0000000000, 0.6343565718, 0.1459863552
0.0000000000, 0.6336930037, 0.1542433721
0.0000000000, 0.6329218991, 0.1625067182
0.0000000000, 0.6320429947, 0.1707749922
0.0000000000, 0.6310560455, 0.1790467875
0.0000000000, 0.6299608249, 0.1873206920
0.0000000000, 0.6287571248, 0.1955952882
0.0000000000, 0.6274447554, 0.2038691541
0.0000000000, 0.6260235459, 0.2121408629
0.0000000000, 0.6244933441, 0.2204089833
0.0000000000, 0.6228540164, 0.2286720801
0.0000000000, 0.6211054483, 0.2369287139
0.0000000000, 0.6192475444, 0.2451774418
0.0000000000, 0.6172802280, 0.2534168174
0.0000000000, 0.6152034418, 0.2616453913
0.0000000000, 0.6130171475, 0.2698617110
0.0000000000, 0.6107213261, 0.2780643214
0.0000000000, 0.6083159780, 0.2862517652
0.0000000000, 0.6058011228, 0.2944225827
0.0000000000, 0.6031767996, 0.3025753123
0.0000000000, 0.6004430670, 0.3107084910
0.0000000000, 0.5976000032, 0.3188206543
0.0000000000, 0.5946477056, 0.3269103365
0.0000000000, 0.5915862915, 0.3349760713
0.0000000000, 0.5884158979, 0.3430163915
0.0000000000, 0.5851366812, 0.3510298298
0.0000000000, 0.5817488176, 0.3590149187
0.0000000000, 0.5782525032, 0.3669701910
0.0000000000, 0.5746479535, 0.3748941800
0.0000000000, 0.5709354041, 0.3827854195
0.0000000000, 0.5671151102, 0.3906424446
0.0000000000, 0.5631873468, 0.3984637915
0.0000000000, 0.5591524087, 0.4062479978
0.0000000000, 0.5550106106, 0.4139936032
0.0000000000, 0.5507622870, 0.4216991492
0.0000000000, 0.5464077920, 0.4293631798
0.0000000000, 0.5419474997, 0.4369842414
0.0000000000, 0.5373818039, 0.4445608834
0.0000000000, 0.5327111182, 0.4520916584
0.0000000000, 0.5279358760, 0.4595751223
0.0000000000, 0.5230565304, 0.4670098346
0.0000000000, 0.5180735542, 0.4743943589
0.0000000000, 0.5129874398, 0.4817272629
0.0000000000, 0.5077986995, 0.4890071189
0.0000000000, 0.5025078650, 0.4962325036
0.0000000000, 0.4971154877, 0.5034019991
0.0000000000, 0.4916221384, 0.5105141927
0.0000000000, 0.4860284076, 0.5175676770
0.0000000000, 0.4803349050, 0.5245610507
0.0000000000, 0.4745422599, 0.5314929184
0.0000000000, 0.4686511208, 0.5383618911
0.0000000000, 0.4626621556, 0.5451665865
0.0000000000, 0.4565760513, 0.5519056290
0.0000000000, 0.4503935141, 0.5585776503
0.0000000000, 0.4441152692, 0.5651812894
0.0000000000, 0.4377420609, 0.5717151930
0.0000000000, 0.4312746522, 0.5781780157
0.0000000000, 0.4247138254, 0.5845684204
0.0000000000, 0.4180603809, 0.5908850784
0.0000000000, 0.4113151384, 0.5971266696
0.0000000000, 0.4044789357, 0.6032918830
0.0000000000, 0.3975526293, 0.6093794168
0.0000000000, 0.3905370939, 0.6153879787
0.0000000000, 0.3834332228, 0.6213162861
0.0000000000, 0.3762419271, 0.6271630666
0.0000000000, 0.3689641361, 0.6329270576
0.0000000000, 0.3616007971, 0.6386070076
0.0000000000, 0.3541528750, 0.6442016753
0.0000000000, 0.3466213527, 0.6497098309
0.0000000000, 0.3390072304, 0.6551302554
0.0000000000, 0.3313115258, 0.6604617417
0.0000000000, 0.3235352742, 0.6657030942
0.0000000000, 0.3156795276, 0.6708531295
0.0000000000, 0.3077453554, 0.6759106761
0.0000000000, 0.2997338438, 0.6808745755
0.0000000000, 0.2916460957, 0.6857436813
0.0000000000, 0.2834832306, 0.6905168607
0.0000000000, 0.2752463845, 0.6951929935
0.0000000000, 0.2669367097, 0.6997709734
0.0000000000, 0.2585553747, 0.7042497075
0.0000000000, 0.2501035637, 0.7086281169
0.0000000000, 0.2415824770, 0.7129051368
0.0000000000, 0.2329933306, 0.7170797167
0.0000000000, 0.2243373555, 0.7211508208
0.0000000000, 0.2156157986, 0.7251174279
0.0000000000, 0.2068299215, 0.7289785320
0.0000000000, 0.1979810009, 0.7327331423
0.0000000000, 0.1890703282, 0.7363802834
0.0000000000, 0.1800992095, 0.7399189956
0.0000000000, 0.1710689649, 0.7433483352
0.0000000000, 0.1619809292, 0.7466673743
0.0000000000, 0.1528364509, 0.7498752016
0.0000000000, 0.1436368922, 0.7529709221
0.0000000000, 0.1343836291, 0.7559536576
0.0000000000, 0.1250780508, 0.7588225468
0.0000000000, 0.1157215598, 0.7615767456
0.0000000000, 0.1063155716, 0.7642154270
0.0000000000, 0.0968615143, 0.7667377815
0.0000000000, 0.0873608285, 0.7691430176
0.0000000000, 0.0778149673, 0.7714303613
0.0000000000, 0.0682253957, 0.7735990568
0.0000000000, 0.0585935908, 0.7756483665
0.0000000000, 0.0489210411, 0.7775775713
0.0000000000, 0.0392092466, 0.7793859707
0.0000000000, 0.0294597185, 0.7810728828
0.0000000000, 0.0196739790, 0.7826376448
0.0000000000, 0.0098535607, 0.7840796128
0.0000000000, 0.0000000070, 0.7853981625
0.0000000000, -0.0098851285, 0.7865926887
0.0000000000, -0.0198002825, 0.7876626059
0.0000000000, -0.0297438817, 0.7886073484
0.0000000000, -0.0397143435, 0.7894263704
0.0000000000, -0.0497100760, 0.7901191460
0.0000000000, -0.0597294782, 0.7906851695
0.0000000000, -0.0697709407, 0.7911239557
0.0000000000, -0.0798328452, 0.7914350398
0.0000000000, -0.0899135657, 0.7916179775
0.0000000000, -0.1000114680, 0.7916723453
0.0000000000, -0.1101249101, 0.7915977406
0.0000000000, -0.1202522429, 0.7913937818
0.0000000000, -0.1303918100, 0.7910601084
0.0000000000, -0.1405419481, 0.7905963809
0.0000000000, -0.1507009875, 0.7900022816
0.0000000000, -0.1608672519, 0.7892775139
0.0000000000, -0.1710390592, 0.7884218029
0.0000000000, -0.1812147214, 0.7874348954
0.0000000000, -0.1913925451, 0.7863165599
0.0000000000, -0.2015708317, 0.7850665868
0.0000000000, -0.2117478776, 0.7836847884
0.0000000000, -0.2219219747, 0.7821709993
0.0000000000, -0.2320914104, 0.7805250760
0.0000000000, -0.2422544681, 0.7787468973
0.0000000000, -0.2524094275, 0.7768363643
0.0000000000, -0.2625545647, 0.7747934005
0.0000000000, -0.2726881526, 0.7726179518
0.0000000000, -0.2828084613, 0.7703099867
0.0000000000, -0.2929137583, 0.7678694962
0.0000000000, -0.3030023087, 0.7652964941
0.0000000000, -0.3130723757, 0.7625910167
0.0000000000, -0.3231222205, 0.7597531232
0.0000000000, -0.3331501034, 0.7567828956
0.0000000000, -0.3431542830, 0.7536804386
0.0000000000, -0.3531330174, 0.7504458800
0.0000000000, -0.3630845642, 0.7470793703
0.0000000000, -0.3730071807, 0.7435810832
0.0000000000, -0.3828991242, 0.7399512153
0.0000000000, -0.3927586526, 0.7361899860
0.0000000000, -0.4025840243, 0.7322976381
0.0000000000, -0.4123734987, 0.7282744373
0.0000000000, -0.4221253366, 0.7241206721
0.0000000000, -0.4318378003, 0.7198366546
0.0000000000, -0.4415091542, 0.7154227195
0.0000000000, -0.4511376647, 0.7108792249
0.0000000000, -0.4607216009, 0.7062065517
0.0000000000, -0.4702592344, 0.7014051042
0.0000000000, -0.4797488404, 0.6964753095
0.0000000000, -0.4891886972, 0.6914176179
0.0000000000, -0.4985770870, 0.6862325025
0.0000000000, -0.5079122960, 0.6809204597
0.0000000000, -0.5171926148, 0.6754820087
0.0000000000, -0.5264163385, 0.6699176917
0.0000000000, -0.5355817675, 0.6642280737
0.0000000000, -0.5446872073, 0.6584137427
0.0000000000, -0.5537309689, 0.6524753094
0.0000000000, -0.5627113694, 0.6464134075
0.0000000000, -0.5716267319, 0.6402286933
0.0000000000, -0.5804753862, 0.6339218455
0.0000000000, -0.5892556687, 0.6274935659
0.0000000000, -0.5979659232, 0.6209445784
0.0000000000, -0.6066045006, 0.6142756297
0.0000000000, -0.6151697598, 0.6074874888
0.0000000000, -0.6236600676, 0.6005809468
0.0000000000, -0.6320737991, 0.5935568175
0.0000000000, -0.6404093382, 0.5864159364
0.0000000000, -0.6486650775, 0.5791591614
0.0000000000, -0.6568394190, 0.5717873722
0.0000000000, -0.6649307741, 0.5643014705
0.0000000000, -0.6729375642, 0.5567023796
0.0000000000, -0.6808582208, 0.5489910447
0.0000000000, -0.6886911856, 0.5411684324
0.0000000000, -0.6964349113, 0.5332355309
0.0000000000, -0.7040878614, 0.5251933496
0.0000000000, -0.7116485109, 0.5170429191
0.0000000000, -0.7191153462, 0.5087852913
0.0000000000, -0.7264868657, 0.5004215388
0.0000000000, -0.7337615800, 0.4919527553
0.0000000000, -0.7409380119, 0.4833800549
0.0000000000, -0.7480146974, 0.4747045724
0.0000000000, -0.7549901851, 0.4659274632
0.0000000000, -0.7618630371, 0.4570499025
0.0000000000, -0.7686318290, 0.4480730861
0.0000000000, -0.7752951505, 0.4389982293
0.0000000000, -0.7818516052, 0.4298265676
0.0000000000, -0.7882998111, 0.4205593559
0.0000000000, -0.7946384010, 0.4111978686
0.0000000000, -0.8008660228, 0.4017433993
0.0000000000, -0.8069813393, 0.3921972608
0.0000000000, -0.8129830291, 0.3825607849
0.0000000000, -0.8188697863, 0.3728353221
0.0000000000, -0.8246403213, 0.3630222414
0.0000000000, -0.8302933606, 0.3531229302
0.0000000000, -0.8358276472, 0.3431387941
0.0000000000, -0.8412419411, 0.3330712567
0.0000000000, -0.8465350193, 0.3229217594
0.0000000000, -0.8517056759, 0.3126917612
0.0000000000, -0.8567527228, 0.3023827383
0.0000000000, -0.8616749895, 0.2919961842
0.0000000000, -0.8664713239, 0.2815336093
0.0000000000, -0.8711405917, 0.2709965409
0.0000000000, -0.8756816774, 0.2603865225
0.0000000000, -0.8800934843, 0.2497051141
0.0000000000, -0.8843749346, 0.2389538918
0.0000000000, -0.8885249697, 0.2281344472
0.0000000000, -0.8925425505, 0.2172483879
0.0000000000, -0.8964266575, 0.2062973366
0.0000000000, -0.9001762914, 0.1952829311
0.0000000000, -0.9037904725, 0.1842068242
0.0000000000, -0.9072682419, 0.1730706832
0.0000000000, -0.9106086609, 0.1618761898
0.0000000000, -0.9138108118, 0.1506250399
0.0000000000, -0.9168737979, 0.1393189432
0.0000000000, -0.9197967433, 0.1279596229
0.0000000000, -0.9225787938, 0.1165488156
0.0000000000, -0.9252191167, 0.1050882710
0.0000000000, -0.9277169011, 0.0935797516
0.0000000000, -0.9300713577, 0.0820250325
0.0000000000, -0.9322817199, 0.0704259008
0.0000000000, -0.9343472429, 0.0587841559
0.0000000000, -0.9362672047, 0.0471016087
0.0000000000, -0.9380409058, 0.0353800817
0.0000000000, -0.9396676698, 0.0236214082
0.0000000000, -0.9411468429, 0.0118274327
0.0000000000, -0.9424777950, 0.0000000101
0.0000000000, -0.9436599189, -0.0118589943
0.0000000000, -0.9446926311, -0.0237477056
0.0000000000, -0.9455753717, -0.0356642387
0.0000000000, -0.9463076047, -0.0476066995
0.0000000000, -0.9468888179, -0.0595731846
0.0000000000, -0.9473185233, -0.0715617820
0.0000000000, -0.9475962572, -0.0835705712
0.0000000000, -0.9477215802, -0.0955976234
0.0000000000, -0.9476940774, -0.1076410021
0.0000000000, -0.9475133584, -0.1196987631
0.0000000000, -0.9471790578, -0.1317689552
0.0000000000, -0.9466908350, -0.1438496201
0.0000000000, -0.9460483744, -0.1559387930
0.0000000000, -0.9452513853, -0.1680345028
0.0000000000, -0.9442996025, -0.1801347724
0.0000000000, -0.9431927861, -0.1922376191
0.0000000000, -0.9419307213, -0.2043410550
0.0000000000, -0.9405132191, -0.2164430870
0.0000000000, -0.9389401162, -0.2285417175
0.0000000000, -0.9372112746, -0.2406349447
0.0000000000, -0.9353265823, -0.2527207625
0.0000000000, -0.9332859533, -0.2647971614
0.0000000000, -0.9310893273, -0.2768621284
0.0000000000, -0.9287366700, -0.2889136475
0.0000000000, -0.9262279734, -0.3009497004
0.0000000000, -0.9235632552, -0.3129682659
0.0000000000, -0.9207425597, -0.3249673213
0.0000000000, -0.9177659572, -0.3369448420
0.0000000000, -0.9146335443, -0.3488988022
0.0000000000, -0.9113454440, -0.3608271752
0.0000000000, -0.9079018056, -0.3727279334
0.0000000000, -0.9043028049, -0.3845990493
0.0000000000, -0.9005486439, -0.3964384952
0.0000000000, -0.8966395514, -0.4082442440
0.0000000000, -0.8925757822, -0.4200142691
0.0000000000, -0.8883576181, -0.4317465453
0.0000000000, -0.8839853671, -0.4434390486
0.0000000000, -0.8794593638, -0.4550897569
0.0000000000, -0.8747799692, -0.4666966504
0.0000000000, -0.8699475710, -0.4782577115
0.0000000000, -0.8649625833, -0.4897709255
0.0000000000, -0.8598254467, -0.5012342811
0.0000000000, -0.8545366283, -0.5126457704
0.0000000000, -0.8490966217, -0.5240033893
0.0000000000, -0.8435059469, -0.5353051380
0.0000000000, -0.8377651503, -0.5465490213
0.0000000000, -0.8318748047, -0.5577330489
0.0000000000, -0.8258355092, -0.5688552357
0.0000000000, -0.8196478893, -0.5799136025
0.0000000000, -0.8133125966, -0.5909061757
0.0000000000, -0.8068303091, -0.6018309883
0.0000000000, -0.8002017308, -0.6126860799
0.0000000000, -0.7934275917, -0.6234694969
0.0000000000, -0.7865086480, -0.6341792933
0.0000000000, -0.7794456818, -0.6448135308
0.0000000000, -0.7722395010, -0.6553702790
0.0000000000, -0.7648909395, -0.6658476161
0.0000000000, -0.7574008565, -0.6762436288
0.0000000000, -0.7497701372, -0.6865564130
0.0000000000, -0.7419996923, -0.6967840741
0.0000000000, -0.7340904577, -0.7069247271
0.0000000000, -0.7260433948, -0.7169764972
0.0000000000, -0.7178594902, -0.7269375201
0.0000000000, -0.7095397556, -0.7368059422
0.0000000000, -0.7010852278, -0.7465799209
0.0000000000, -0.6924969682, -0.7562576253
0.0000000000, -0.6837760633, -0.7658372362
0.0000000000, -0.6749236240, -0.7753169464
0.0000000000, -0.6659407857, -0.7846949613
0.0000000000, -0.6568287083, -0.7939694991
0.0000000000, -0.6475885757, -0.8031387909
0.0000000000, -0.6382215961, -0.8122010814
0.0000000000, -0.6287290014, -0.8211546292
0.0000000000, -0.6191120473, -0.8299977068
0.0000000000, -0.6093720133, -0.8387286011
0.0000000000, -0.5995102021, -0.8473456137
0.0000000000, -0.5895279397, -0.8558470616
0.0000000000, -0.5794265753, -0.8642312766
0.0000000000, -0.5692074809, -0.8724966068
0.0000000000, -0.5588720514, -0.8806414158
0.0000000000, -0.5484217040, -0.8886640837
0.0000000000, -0.5378578784, -0.8965630073
0.0000000000, -0.5271820365, -0.9043366002
0.0000000000, -0.5163956621, -0.9119832932
0.0000000000, -0.5055002608, -0.9195015347
0.0000000000, -0.4944973597, -0.9268897910
0.0000000000, -0.4833885073, -0.9341465464
0.0000000000, -0.4721752732, -0.9412703037
0.0000000000, -0.4608592479, -0.9482595842
0.0000000000, -0.4494420427, -0.9551129285
0.0000000000, -0.4379252893, -0.9618288963
0.0000000000, -0.4263106394, -0.9684060669
0.0000000000, -0.4145997652, -0.9748430396
0.0000000000, -0.4027943581, -0.9811384336
0.0000000000, -0.3908961295, -0.9872908885
0.0000000000, -0.3789068097, -0.9932990649
0.0000000000, -0.3668281482, -0.9991616440
0.0000000000, -0.3546619133, -1.0048773284
0.0000000000, -0.3424098918, -1.0104448421
0.0000000000, -0.3300738886, -1.0158629308
0.0000000000, -0.3176557267, -1.0211303624
0.0000000000, -0.3051572469, -1.0262459267
0.0000000000, -0.2925803073, -1.0312084364
0.0000000000, -0.2799267832, -1.0360167267
0.0000000000, -0.2671985668, -1.0406696558
0.0000000000, -0.2543975669, -1.0451661052
0.0000000000, -0.2415257088, -1.0495049798
0.0000000000, -0.2285849335, -1.0536852083
0.0000000000, -0.2155771981, -1.0577057433
0.0000000000, -0.2025044748, -1.0615655615
0.0000000000, -0.1893687512, -1.0652636641
0.0000000000, -0.1761720296, -1.0687990768
0.0000000000, -0.1629163271, -1.0721708501
0.0000000000, -0.1496036747, -1.0753780595
0.0000000000, -0.1362361174, -1.0784198061
0.0000000000, -0.1228157140, -1.0812952158
0.0000000000, -0.1093445365, -1.0840034408
0.0000000000, -0.0958246697, -1.0865436587
0.0000000000, -0.0822582114, -1.0889150732
0.0000000000, -0.0686472713, -1.0911169144
0.0000000000, -0.0549939714, -1.0931484386
0.0000000000, -0.0413004454, -1.0950089288
0.0000000000, -0.0275688380, -1.0966976947
0.0000000000, -0.0138013053, -1.0982140731
0.0000000000, -0.0000000138, -1.0995574275
0.0000000000, 0.0138328596, -1.1007271491
0.0000000000, 0.0276951280, -1.1017226562
0.0000000000, 0.0415845950, -1.1025433949
0.0000000000, 0.0554990548, -1.1031888389
0.0000000000, 0.0694362926, -1.1036584898
0.0000000000, 0.0833940853, -1.1039518772
0.0000000000, 0.0973702012, -1.1040685588
0.0000000000, 0.1113624010, -1.1040081207
0.0000000000, 0.1253684379, -1.1037701773
0.0000000000, 0.1393860577, -1.1033543715
0.0000000000, 0.1534129998, -1.1027603751
0.0000000000, 0.1674469968, -1.1019878883
0.0000000000, 0.1814857755, -1.1010366405
0.0000000000, 0.1955270569, -1.0999063898
0.0000000000, 0.2095685568, -1.0985969236
0.0000000000, 0.2236079858, -1.0971080583
0.0000000000, 0.2376430502, -1.0954396398
0.0000000000, 0.2516714520, -1.0935915430
0.0000000000, 0.2656908894, -1.0915636726
0.0000000000, 0.2796990571, -1.0893559625
0.0000000000, 0.2936936468, -1.0869683764
0.0000000000, 0.3076723475, -1.0844009075
0.0000000000, 0.3216328457, -1.0816535787
0.0000000000, 0.3355728264, -1.0787264429
0.0000000000, 0.3494899727, -1.0756195826
0.0000000000, 0.3633819666, -1.0723331101
0.0000000000, 0.3772464894, -1.0688671678
0.0000000000, 0.3910812222, -1.0652219278
0.0000000000, 0.4048838456, -1.0613975925
0.0000000000, 0.4186520411, -1.0573943941
0.0000000000, 0.4323834907, -1.0532125948
0.0000000000, 0.4460758776, -1.0488524868
0.0000000000, 0.4597268866, -1.0443143925
0.0000000000, 0.4733342045, -1.0395986644
0.0000000000, 0.4868955203, -1.0347056847
0.0000000000, 0.5004085258, -1.0296358662
0.0000000000, 0.5138709160, -1.0243896513
0.0000000000, 0.5272803891, -1.0189675125
0.0000000000, 0.5406346477, -1.0133699526
0.0000000000, 0.5539313982, -1.0075975041
0.0000000000, 0.5671683519, -1.0016507296
0.0000000000, 0.5803432252, -0.9955302215
0.0000000000, 0.5934537400, -0.9892366023
0.0000000000, 0.6064976239, -0.9827705242
0.0000000000, 0.6194726108, -0.9761326692
0.0000000000, 0.6323764412, -0.9693237491
0.0000000000, 0.6452068628, -0.9623445054
0.0000000000, 0.6579616306, -0.9551957092
0.0000000000, 0.6706385073, -0.9478781610
0.0000000000, 0.6832352640, -0.9403926911
0.0000000000, 0.6957496802, -0.9327401588
0.0000000000, 0.7081795445, -0.9249214532
0.0000000000, 0.7205226548, -0.9169374920
0.0000000000, 0.7327768186, -0.9087892227
0.0000000000, 0.7449398538, -0.9004776213
0.0000000000, 0.7570095887, -0.8920036930
0.0000000000, 0.7689838624, -0.8833684717
0.0000000000, 0.7808605252, -0.8745730201
0.0000000000, 0.7926374394, -0.8656184293
0.0000000000, 0.8043124791, -0.8565058191
0.0000000000, 0.8158835306, -0.8472363373
0.0000000000, 0.8273484935, -0.8378111602
0.0000000000, 0.8387052800, -0.8282314920
0.0000000000, 0.8499518164, -0.8184985648
0.0000000000, 0.8610860423, -0.8086136385
0.0000000000, 0.8721059121, -0.7985780005
0.0000000000, 0.8830093946, -0.7883929657
0.0000000000, 0.8937944735, -0.7780598762
0.0000000000, 0.9044591482, -0.7675801014
0.0000000000, 0.9150014335, -0.7569550374
0.0000000000, 0.9254193606, -0.7461861072
0.0000000000, 0.9357109769, -0.7352747602
0.0000000000, 0.9458743468, -0.7242224723
0.0000000000, 0.9559075518, -0.7130307455
0.0000000000, 0.9658086909, -0.7017011080
0.0000000000, 0.9755758809, -0.6902351134
0.0000000000, 0.9852072571, -0.6786343411
0.0000000000, 0.9947009730, -0.6669003958
0.0000000000, 1.0040552013, -0.6550349075
0.0000000000, 1.0132681339, -0.6430395308
0.0000000000, 1.0223379821, -0.6309159453
0.0000000000, 1.0312629772, -0.6186658548
0.0000000000, 1.0400413710, -0.6062909874
0.0000000000, 1.0486714356, -0.5937930954
0.0000000000, 1.0571514641, -0.5811739544
0.0000000000, 1.0654797707, -0.5684353639
0.0000000000, 1.0736546916, -0.5555791465
0.0000000000, 1.0816745843, -0.5426071476
0.0000000000, 1.0895378288, -0.5295212356
0.0000000000, 1.0972428276, -0.5163233011
0.0000000000, 1.1047880060, -0.5030152570
0.0000000000, 1.1121718123, -0.4895990380
0.0000000000, 1.1193927184, -0.4760766007
0.0000000000, 1.1264492197, -0.4624499227
0.0000000000, 1.1333398357, -0.4487210027
0.0000000000, 1.1400631104, -0.4348918604
0.0000000000, 1.1466176120, -0.4209645358
0.0000000000, 1.1530019339, -0.4069410890
0.0000000000, 1.1592146945, -0.3928236000
0.0000000000, 1.1652545376, -0.3786141684
0.0000000000, 1.1711201329, -0.3643149131
0.0000000000, 1.1768101759, -0.3499279719
0.0000000000, 1.1823233884, -0.3354555010
0.0000000000, 1.1876585187, -0.3208996751
0.0000000000, 1.1928143417, -0.3062626869
0.0000000000, 1.1977896597, -0.2915467465
0.0000000000, 1.2025833019, -0.2767540815
0.0000000000, 1.2071941251, -0.2618869365
0.0000000000, 1.2116210140, -0.2469475725
0.0000000000, 1.2158628811, -0.2319382669
0.0000000000, 1.2199186672, -0.2168613131
0.0000000000, 1.2237873416, -0.2017190199
0.0000000000, 1.2274679022, -0.1865137116
0.0000000000, 1.2309593757, -0.1712477270
0.0000000000, 1.2342608182, -0.1559234198
0.0000000000, 1.2373713149, -0.1405431577
0.0000000000, 1.2402899805, -0.1251093220
0.0000000000, 1.2430159595, -0.1096243076
0.0000000000, 1.2455484265, -0.0940905225
0.0000000000, 1.2478865858, -0.0785103872
0.0000000000, 1.2500296725, -0.0628863347
0.0000000000, 1.2519769518, -0.0472208096
0.0000000000, 1.2537277197, -0.0315162684
0.0000000000, 1.2552813032, -0.0157751785
